14 100
38 70
50 100
1 1 0
1 2 1
1 3 0
1 4 1
1 5 1
1 6 0
1 7 0
1 8 1
1 9 0
1 10 1
1 11 1
1 12 1
1 13 0
1 14 1
1 15 0
1 16 0
1 17 1
1 18 1
1 19 1
1 20 1
1 21 1
1 22 0
1 23 0
1 24 1
1 25 1
1 26 0
1 27 1
1 28 0
1 29 1
1 30 0
1 31 1
1 32 1
1 33 0
1 34 1
1 35 0
1 36 1
1 37 0
1 38 0
1 39 1
1 40 1
1 41 0
1 42 1
1 43 0
1 44 1
1 45 1
1 46 1
1 47 0
1 48 0
1 49 0
1 50 1
1 51 1
1 52 0
1 53 1
1 54 0
1 55 1
1 56 1
1 57 0
1 58 0
1 59 0
1 60 0
1 61 0
1 62 0
1 63 1
1 64 0
1 65 1
1 66 0
1 67 0
1 68 1
1 69 0
1 70 1
1 71 0
1 72 1
1 73 1
1 74 0
1 75 0
1 76 1
1 77 1
1 78 1
1 79 0
1 80 1
1 81 0
1 82 0
1 83 0
1 84 1
1 85 0
1 86 1
1 87 1
1 88 1
1 89 1
1 90 0
1 91 0
1 92 0
1 93 0
1 94 0
1 95 1
1 96 1
1 97 0
1 98 0
1 99 1
1 100 1
2 1 0
2 2 1
2 3 1
2 4 1
2 5 0
2 6 0
2 7 1
2 8 1
2 9 1
2 10 0
2 11 1
2 12 1
2 13 0
2 14 1
2 15 0
2 16 1
2 17 1
2 18 1
2 19 0
2 20 0
2 21 0
2 22 1
2 23 1
2 24 1
2 25 1
2 26 0
2 27 0
2 28 1
2 29 0
2 30 0
2 31 1
2 32 0
2 33 1
2 34 0
2 35 0
2 36 1
2 37 0
2 38 1
2 39 1
2 40 0
2 41 1
2 42 1
2 43 1
2 44 0
2 45 0
2 46 0
2 47 0
2 48 1
2 49 1
2 50 0
2 51 0
2 52 1
2 53 1
2 54 1
2 55 1
2 56 1
2 57 1
2 58 1
2 59 0
2 60 0
2 61 1
2 62 0
2 63 0
2 64 0
2 65 1
2 66 1
2 67 1
2 68 0
2 69 1
2 70 1
2 71 1
2 72 0
2 73 1
2 74 1
2 75 1
2 76 1
2 77 1
2 78 0
2 79 0
2 80 1
2 81 0
2 82 1
2 83 0
2 84 0
2 85 1
2 86 1
2 87 0
2 88 1
2 89 0
2 90 1
2 91 0
2 92 1
2 93 0
2 94 0
2 95 0
2 96 1
2 97 1
2 98 0
2 99 0
2 100 1
3 1 0
3 2 1
3 3 1
3 4 1
3 5 0
3 6 1
3 7 1
3 8 1
3 9 1
3 10 0
3 11 1
3 12 1
3 13 0
3 14 0
3 15 0
3 16 0
3 17 1
3 18 0
3 19 0
3 20 1
3 21 1
3 22 1
3 23 1
3 24 0
3 25 1
3 26 1
3 27 1
3 28 1
3 29 0
3 30 0
3 31 1
3 32 0
3 33 1
3 34 1
3 35 0
3 36 1
3 37 1
3 38 0
3 39 0
3 40 0
3 41 0
3 42 0
3 43 0
3 44 0
3 45 1
3 46 1
3 47 0
3 48 0
3 49 0
3 50 0
3 51 1
3 52 1
3 53 0
3 54 1
3 55 1
3 56 0
3 57 1
3 58 0
3 59 0
3 60 0
3 61 1
3 62 1
3 63 0
3 64 1
3 65 0
3 66 0
3 67 1
3 68 1
3 69 0
3 70 1
3 71 1
3 72 0
3 73 0
3 74 1
3 75 0
3 76 1
3 77 1
3 78 0
3 79 0
3 80 0
3 81 0
3 82 0
3 83 0
3 84 1
3 85 0
3 86 1
3 87 0
3 88 0
3 89 0
3 90 1
3 91 0
3 92 0
3 93 0
3 94 0
3 95 0
3 96 0
3 97 0
3 98 0
3 99 0
3 100 1
4 1 0
4 2 1
4 3 1
4 4 0
4 5 1
4 6 0
4 7 0
4 8 1
4 9 0
4 10 1
4 11 0
4 12 0
4 13 0
4 14 1
4 15 1
4 16 0
4 17 0
4 18 0
4 19 0
4 20 1
4 21 0
4 22 0
4 23 0
4 24 1
4 25 0
4 26 1
4 27 0
4 28 1
4 29 1
4 30 0
4 31 0
4 32 1
4 33 1
4 34 0
4 35 1
4 36 1
4 37 1
4 38 1
4 39 0
4 40 0
4 41 1
4 42 1
4 43 0
4 44 1
4 45 1
4 46 1
4 47 1
4 48 1
4 49 1
4 50 0
4 51 1
4 52 1
4 53 0
4 54 0
4 55 0
4 56 1
4 57 0
4 58 1
4 59 1
4 60 1
4 61 1
4 62 1
4 63 1
4 64 1
4 65 0
4 66 1
4 67 1
4 68 1
4 69 0
4 70 1
4 71 0
4 72 0
4 73 0
4 74 1
4 75 1
4 76 1
4 77 0
4 78 0
4 79 0
4 80 0
4 81 1
4 82 0
4 83 0
4 84 0
4 85 0
4 86 1
4 87 1
4 88 1
4 89 0
4 90 1
4 91 1
4 92 0
4 93 0
4 94 1
4 95 0
4 96 1
4 97 0
4 98 1
4 99 1
4 100 0
5 1 0
5 2 1
5 3 0
5 4 0
5 5 0
5 6 1
5 7 1
5 8 0
5 9 1
5 10 1
5 11 1
5 12 1
5 13 1
5 14 1
5 15 0
5 16 0
5 17 0
5 18 1
5 19 1
5 20 0
5 21 0
5 22 1
5 23 1
5 24 1
5 25 1
5 26 1
5 27 0
5 28 0
5 29 0
5 30 0
5 31 1
5 32 0
5 33 0
5 34 0
5 35 1
5 36 1
5 37 0
5 38 0
5 39 1
5 40 0
5 41 0
5 42 1
5 43 1
5 44 0
5 45 0
5 46 0
5 47 0
5 48 1
5 49 0
5 50 1
5 51 0
5 52 1
5 53 0
5 54 0
5 55 1
5 56 0
5 57 1
5 58 1
5 59 0
5 60 1
5 61 1
5 62 1
5 63 1
5 64 0
5 65 1
5 66 0
5 67 0
5 68 0
5 69 1
5 70 0
5 71 1
5 72 0
5 73 1
5 74 0
5 75 1
5 76 0
5 77 0
5 78 1
5 79 0
5 80 1
5 81 1
5 82 0
5 83 0
5 84 1
5 85 0
5 86 1
5 87 0
5 88 0
5 89 1
5 90 0
5 91 1
5 92 1
5 93 1
5 94 1
5 95 0
5 96 1
5 97 0
5 98 1
5 99 1
5 100 0
6 1 0
6 2 1
6 3 0
6 4 1
6 5 0
6 6 0
6 7 0
6 8 1
6 9 1
6 10 1
6 11 1
6 12 1
6 13 1
6 14 0
6 15 1
6 16 0
6 17 1
6 18 1
6 19 1
6 20 0
6 21 1
6 22 0
6 23 1
6 24 0
6 25 0
6 26 0
6 27 1
6 28 1
6 29 0
6 30 1
6 31 0
6 32 0
6 33 1
6 34 0
6 35 1
6 36 0
6 37 0
6 38 1
6 39 0
6 40 1
6 41 0
6 42 0
6 43 1
6 44 0
6 45 0
6 46 1
6 47 1
6 48 0
6 49 1
6 50 0
6 51 0
6 52 0
6 53 1
6 54 1
6 55 0
6 56 1
6 57 1
6 58 1
6 59 0
6 60 0
6 61 1
6 62 1
6 63 0
6 64 1
6 65 1
6 66 0
6 67 1
6 68 1
6 69 0
6 70 0
6 71 0
6 72 1
6 73 0
6 74 1
6 75 0
6 76 0
6 77 0
6 78 1
6 79 0
6 80 1
6 81 1
6 82 0
6 83 0
6 84 0
6 85 1
6 86 0
6 87 0
6 88 0
6 89 0
6 90 1
6 91 1
6 92 0
6 93 0
6 94 1
6 95 0
6 96 0
6 97 0
6 98 0
6 99 0
6 100 1
7 1 0
7 2 0
7 3 0
7 4 1
7 5 1
7 6 0
7 7 0
7 8 1
7 9 1
7 10 0
7 11 1
7 12 0
7 13 1
7 14 1
7 15 0
7 16 1
7 17 0
7 18 1
7 19 1
7 20 0
7 21 0
7 22 0
7 23 1
7 24 1
7 25 0
7 26 0
7 27 1
7 28 0
7 29 1
7 30 1
7 31 0
7 32 0
7 33 1
7 34 0
7 35 1
7 36 0
7 37 1
7 38 0
7 39 1
7 40 1
7 41 0
7 42 0
7 43 0
7 44 0
7 45 1
7 46 1
7 47 1
7 48 0
7 49 1
7 50 0
7 51 0
7 52 1
7 53 0
7 54 0
7 55 0
7 56 0
7 57 0
7 58 0
7 59 0
7 60 1
7 61 1
7 62 1
7 63 0
7 64 1
7 65 1
7 66 1
7 67 1
7 68 1
7 69 0
7 70 0
7 71 0
7 72 0
7 73 0
7 74 0
7 75 1
7 76 0
7 77 0
7 78 0
7 79 1
7 80 1
7 81 0
7 82 1
7 83 0
7 84 0
7 85 0
7 86 0
7 87 0
7 88 1
7 89 1
7 90 1
7 91 0
7 92 0
7 93 0
7 94 0
7 95 0
7 96 1
7 97 1
7 98 0
7 99 0
7 100 1
8 1 0
8 2 1
8 3 1
8 4 0
8 5 0
8 6 0
8 7 0
8 8 0
8 9 1
8 10 0
8 11 0
8 12 0
8 13 0
8 14 0
8 15 1
8 16 1
8 17 0
8 18 1
8 19 0
8 20 1
8 21 1
8 22 1
8 23 1
8 24 0
8 25 0
8 26 0
8 27 1
8 28 0
8 29 0
8 30 0
8 31 0
8 32 0
8 33 0
8 34 0
8 35 0
8 36 0
8 37 0
8 38 0
8 39 0
8 40 0
8 41 1
8 42 0
8 43 1
8 44 0
8 45 1
8 46 0
8 47 1
8 48 0
8 49 1
8 50 0
8 51 1
8 52 0
8 53 0
8 54 1
8 55 0
8 56 1
8 57 0
8 58 0
8 59 1
8 60 1
8 61 0
8 62 0
8 63 0
8 64 1
8 65 0
8 66 0
8 67 1
8 68 0
8 69 0
8 70 0
8 71 0
8 72 0
8 73 0
8 74 1
8 75 1
8 76 1
8 77 0
8 78 1
8 79 0
8 80 0
8 81 0
8 82 0
8 83 0
8 84 1
8 85 1
8 86 0
8 87 1
8 88 1
8 89 1
8 90 0
8 91 0
8 92 1
8 93 0
8 94 1
8 95 1
8 96 0
8 97 0
8 98 0
8 99 1
8 100 0
9 1 0
9 2 1
9 3 1
9 4 0
9 5 0
9 6 0
9 7 0
9 8 0
9 9 1
9 10 1
9 11 1
9 12 0
9 13 1
9 14 1
9 15 1
9 16 0
9 17 1
9 18 1
9 19 0
9 20 1
9 21 0
9 22 0
9 23 0
9 24 1
9 25 1
9 26 0
9 27 1
9 28 0
9 29 1
9 30 1
9 31 0
9 32 1
9 33 1
9 34 1
9 35 0
9 36 0
9 37 1
9 38 1
9 39 0
9 40 1
9 41 1
9 42 1
9 43 1
9 44 0
9 45 0
9 46 0
9 47 0
9 48 0
9 49 1
9 50 0
9 51 1
9 52 0
9 53 1
9 54 1
9 55 0
9 56 0
9 57 1
9 58 0
9 59 1
9 60 0
9 61 0
9 62 0
9 63 0
9 64 1
9 65 1
9 66 1
9 67 1
9 68 0
9 69 0
9 70 0
9 71 0
9 72 1
9 73 0
9 74 0
9 75 0
9 76 1
9 77 1
9 78 1
9 79 0
9 80 0
9 81 0
9 82 1
9 83 1
9 84 1
9 85 1
9 86 1
9 87 0
9 88 1
9 89 0
9 90 0
9 91 0
9 92 1
9 93 1
9 94 0
9 95 1
9 96 0
9 97 1
9 98 1
9 99 1
9 100 1
10 1 0
10 2 0
10 3 0
10 4 0
10 5 0
10 6 1
10 7 0
10 8 1
10 9 1
10 10 0
10 11 0
10 12 0
10 13 0
10 14 0
10 15 1
10 16 0
10 17 1
10 18 0
10 19 1
10 20 1
10 21 0
10 22 1
10 23 0
10 24 0
10 25 0
10 26 0
10 27 0
10 28 0
10 29 0
10 30 1
10 31 0
10 32 1
10 33 0
10 34 0
10 35 1
10 36 1
10 37 1
10 38 1
10 39 0
10 40 0
10 41 0
10 42 0
10 43 0
10 44 0
10 45 0
10 46 0
10 47 0
10 48 1
10 49 0
10 50 1
10 51 0
10 52 0
10 53 0
10 54 1
10 55 0
10 56 1
10 57 1
10 58 0
10 59 0
10 60 1
10 61 1
10 62 0
10 63 0
10 64 0
10 65 1
10 66 1
10 67 1
10 68 1
10 69 0
10 70 1
10 71 1
10 72 1
10 73 0
10 74 1
10 75 0
10 76 0
10 77 1
10 78 0
10 79 1
10 80 0
10 81 1
10 82 1
10 83 0
10 84 1
10 85 0
10 86 0
10 87 0
10 88 1
10 89 0
10 90 1
10 91 1
10 92 1
10 93 0
10 94 0
10 95 1
10 96 1
10 97 0
10 98 1
10 99 0
10 100 0
11 1 0
11 2 0
11 3 0
11 4 0
11 5 1
11 6 0
11 7 0
11 8 1
11 9 0
11 10 0
11 11 1
11 12 0
11 13 1
11 14 1
11 15 1
11 16 1
11 17 1
11 18 1
11 19 1
11 20 0
11 21 1
11 22 0
11 23 0
11 24 0
11 25 1
11 26 1
11 27 1
11 28 1
11 29 1
11 30 1
11 31 0
11 32 1
11 33 1
11 34 0
11 35 1
11 36 0
11 37 1
11 38 0
11 39 1
11 40 1
11 41 0
11 42 1
11 43 0
11 44 1
11 45 0
11 46 0
11 47 0
11 48 0
11 49 0
11 50 1
11 51 1
11 52 1
11 53 1
11 54 1
11 55 0
11 56 0
11 57 0
11 58 0
11 59 0
11 60 0
11 61 0
11 62 0
11 63 0
11 64 1
11 65 1
11 66 0
11 67 1
11 68 1
11 69 0
11 70 1
11 71 0
11 72 0
11 73 0
11 74 1
11 75 1
11 76 1
11 77 0
11 78 0
11 79 1
11 80 0
11 81 1
11 82 1
11 83 1
11 84 0
11 85 0
11 86 1
11 87 1
11 88 1
11 89 0
11 90 1
11 91 0
11 92 0
11 93 1
11 94 0
11 95 1
11 96 0
11 97 1
11 98 1
11 99 1
11 100 0
12 1 1
12 2 0
12 3 0
12 4 0
12 5 0
12 6 1
12 7 1
12 8 1
12 9 0
12 10 1
12 11 0
12 12 0
12 13 0
12 14 0
12 15 1
12 16 1
12 17 1
12 18 1
12 19 1
12 20 0
12 21 0
12 22 1
12 23 0
12 24 1
12 25 0
12 26 0
12 27 0
12 28 0
12 29 0
12 30 1
12 31 1
12 32 1
12 33 0
12 34 1
12 35 0
12 36 1
12 37 1
12 38 0
12 39 1
12 40 1
12 41 1
12 42 0
12 43 0
12 44 1
12 45 0
12 46 1
12 47 1
12 48 0
12 49 0
12 50 0
12 51 0
12 52 0
12 53 1
12 54 1
12 55 1
12 56 1
12 57 1
12 58 0
12 59 0
12 60 1
12 61 1
12 62 0
12 63 0
12 64 0
12 65 1
12 66 0
12 67 0
12 68 0
12 69 1
12 70 1
12 71 0
12 72 0
12 73 0
12 74 1
12 75 1
12 76 0
12 77 1
12 78 0
12 79 1
12 80 1
12 81 0
12 82 1
12 83 1
12 84 1
12 85 1
12 86 1
12 87 0
12 88 0
12 89 1
12 90 1
12 91 1
12 92 0
12 93 0
12 94 1
12 95 0
12 96 0
12 97 0
12 98 1
12 99 0
12 100 1
13 1 0
13 2 1
13 3 1
13 4 1
13 5 0
13 6 1
13 7 0
13 8 0
13 9 1
13 10 1
13 11 1
13 12 1
13 13 0
13 14 1
13 15 0
13 16 0
13 17 1
13 18 1
13 19 1
13 20 0
13 21 0
13 22 1
13 23 1
13 24 0
13 25 1
13 26 1
13 27 0
13 28 1
13 29 0
13 30 1
13 31 0
13 32 0
13 33 1
13 34 0
13 35 1
13 36 1
13 37 0
13 38 0
13 39 1
13 40 0
13 41 1
13 42 0
13 43 1
13 44 1
13 45 0
13 46 0
13 47 0
13 48 0
13 49 0
13 50 0
13 51 1
13 52 1
13 53 0
13 54 1
13 55 1
13 56 0
13 57 1
13 58 1
13 59 0
13 60 0
13 61 1
13 62 0
13 63 0
13 64 0
13 65 0
13 66 0
13 67 1
13 68 1
13 69 0
13 70 0
13 71 0
13 72 1
13 73 1
13 74 1
13 75 1
13 76 1
13 77 1
13 78 1
13 79 1
13 80 0
13 81 0
13 82 1
13 83 1
13 84 0
13 85 0
13 86 1
13 87 0
13 88 0
13 89 1
13 90 0
13 91 0
13 92 1
13 93 1
13 94 1
13 95 0
13 96 0
13 97 1
13 98 0
13 99 1
13 100 0
14 1 1
14 2 1
14 3 1
14 4 1
14 5 1
14 6 0
14 7 0
14 8 1
14 9 1
14 10 0
14 11 0
14 12 1
14 13 1
14 14 1
14 15 1
14 16 1
14 17 1
14 18 1
14 19 1
14 20 1
14 21 1
14 22 1
14 23 1
14 24 0
14 25 0
14 26 0
14 27 0
14 28 1
14 29 1
14 30 1
14 31 1
14 32 1
14 33 1
14 34 0
14 35 1
14 36 1
14 37 1
14 38 1
14 39 1
14 40 0
14 41 1
14 42 1
14 43 0
14 44 0
14 45 1
14 46 0
14 47 0
14 48 0
14 49 0
14 50 1
14 51 1
14 52 0
14 53 0
14 54 0
14 55 1
14 56 0
14 57 1
14 58 1
14 59 0
14 60 0
14 61 1
14 62 0
14 63 0
14 64 0
14 65 1
14 66 1
14 67 1
14 68 0
14 69 1
14 70 0
14 71 1
14 72 0
14 73 0
14 74 1
14 75 0
14 76 1
14 77 1
14 78 0
14 79 1
14 80 1
14 81 1
14 82 1
14 83 0
14 84 1
14 85 0
14 86 1
14 87 1
14 88 1
14 89 1
14 90 1
14 91 0
14 92 0
14 93 0
14 94 1
14 95 1
14 96 1
14 97 0
14 98 0
14 99 1
14 100 0
15 1 0
15 2 0
15 3 0
15 4 1
15 5 0
15 6 1
15 7 0
15 8 0
15 9 0
15 10 1
15 11 0
15 12 0
15 13 0
15 14 1
15 15 0
15 16 0
15 17 0
15 18 0
15 19 0
15 20 0
15 21 0
15 22 0
15 23 1
15 24 1
15 25 0
15 26 0
15 27 1
15 28 1
15 29 0
15 30 1
15 31 1
15 32 1
15 33 0
15 34 0
15 35 1
15 36 1
15 37 1
15 38 1
15 39 0
15 40 0
15 41 0
15 42 0
15 43 1
15 44 1
15 45 0
15 46 0
15 47 1
15 48 0
15 49 0
15 50 0
15 51 1
15 52 1
15 53 1
15 54 1
15 55 1
15 56 1
15 57 0
15 58 0
15 59 1
15 60 0
15 61 0
15 62 0
15 63 0
15 64 0
15 65 0
15 66 1
15 67 0
15 68 1
15 69 0
15 70 0
15 71 1
15 72 0
15 73 1
15 74 1
15 75 0
15 76 0
15 77 0
15 78 0
15 79 0
15 80 1
15 81 1
15 82 0
15 83 0
15 84 1
15 85 1
15 86 0
15 87 0
15 88 1
15 89 0
15 90 1
15 91 0
15 92 0
15 93 1
15 94 0
15 95 1
15 96 0
15 97 1
15 98 1
15 99 1
15 100 1
16 1 0
16 2 0
16 3 0
16 4 1
16 5 1
16 6 0
16 7 0
16 8 1
16 9 0
16 10 1
16 11 0
16 12 1
16 13 1
16 14 0
16 15 1
16 16 1
16 17 1
16 18 1
16 19 1
16 20 0
16 21 1
16 22 0
16 23 0
16 24 1
16 25 1
16 26 0
16 27 0
16 28 1
16 29 1
16 30 0
16 31 0
16 32 0
16 33 1
16 34 0
16 35 0
16 36 1
16 37 0
16 38 1
16 39 0
16 40 1
16 41 1
16 42 1
16 43 1
16 44 1
16 45 0
16 46 1
16 47 1
16 48 0
16 49 0
16 50 0
16 51 0
16 52 0
16 53 1
16 54 1
16 55 1
16 56 1
16 57 1
16 58 0
16 59 0
16 60 0
16 61 0
16 62 1
16 63 0
16 64 0
16 65 0
16 66 0
16 67 0
16 68 0
16 69 1
16 70 0
16 71 0
16 72 0
16 73 0
16 74 0
16 75 1
16 76 0
16 77 0
16 78 1
16 79 1
16 80 1
16 81 1
16 82 1
16 83 0
16 84 0
16 85 1
16 86 1
16 87 1
16 88 1
16 89 1
16 90 1
16 91 0
16 92 1
16 93 1
16 94 1
16 95 1
16 96 0
16 97 1
16 98 1
16 99 0
16 100 1
17 1 1
17 2 1
17 3 1
17 4 1
17 5 0
17 6 0
17 7 0
17 8 1
17 9 0
17 10 1
17 11 1
17 12 1
17 13 0
17 14 1
17 15 1
17 16 0
17 17 0
17 18 1
17 19 0
17 20 0
17 21 0
17 22 1
17 23 0
17 24 0
17 25 1
17 26 0
17 27 1
17 28 1
17 29 1
17 30 0
17 31 1
17 32 1
17 33 0
17 34 1
17 35 0
17 36 0
17 37 1
17 38 1
17 39 0
17 40 0
17 41 0
17 42 1
17 43 0
17 44 1
17 45 0
17 46 1
17 47 1
17 48 1
17 49 1
17 50 1
17 51 0
17 52 1
17 53 0
17 54 0
17 55 0
17 56 1
17 57 1
17 58 1
17 59 1
17 60 1
17 61 1
17 62 1
17 63 1
17 64 1
17 65 0
17 66 0
17 67 0
17 68 0
17 69 1
17 70 1
17 71 1
17 72 0
17 73 0
17 74 0
17 75 0
17 76 1
17 77 0
17 78 1
17 79 0
17 80 1
17 81 1
17 82 0
17 83 0
17 84 0
17 85 1
17 86 1
17 87 1
17 88 0
17 89 0
17 90 0
17 91 1
17 92 0
17 93 1
17 94 1
17 95 1
17 96 1
17 97 1
17 98 0
17 99 0
17 100 1
18 1 0
18 2 0
18 3 0
18 4 1
18 5 1
18 6 0
18 7 0
18 8 1
18 9 0
18 10 1
18 11 1
18 12 0
18 13 1
18 14 0
18 15 1
18 16 1
18 17 1
18 18 1
18 19 0
18 20 0
18 21 0
18 22 0
18 23 1
18 24 0
18 25 1
18 26 0
18 27 0
18 28 1
18 29 0
18 30 1
18 31 0
18 32 0
18 33 1
18 34 1
18 35 0
18 36 1
18 37 0
18 38 0
18 39 0
18 40 0
18 41 1
18 42 0
18 43 0
18 44 0
18 45 1
18 46 0
18 47 1
18 48 0
18 49 0
18 50 1
18 51 1
18 52 1
18 53 0
18 54 0
18 55 1
18 56 0
18 57 1
18 58 1
18 59 0
18 60 1
18 61 0
18 62 1
18 63 0
18 64 1
18 65 1
18 66 1
18 67 0
18 68 1
18 69 1
18 70 0
18 71 0
18 72 1
18 73 1
18 74 0
18 75 0
18 76 0
18 77 0
18 78 0
18 79 1
18 80 1
18 81 1
18 82 0
18 83 1
18 84 0
18 85 0
18 86 1
18 87 1
18 88 0
18 89 1
18 90 0
18 91 0
18 92 1
18 93 0
18 94 1
18 95 0
18 96 0
18 97 0
18 98 1
18 99 1
18 100 0
19 1 1
19 2 1
19 3 0
19 4 1
19 5 0
19 6 1
19 7 0
19 8 1
19 9 0
19 10 1
19 11 0
19 12 1
19 13 1
19 14 1
19 15 0
19 16 1
19 17 0
19 18 0
19 19 1
19 20 0
19 21 1
19 22 0
19 23 1
19 24 1
19 25 1
19 26 0
19 27 0
19 28 1
19 29 0
19 30 0
19 31 1
19 32 1
19 33 0
19 34 0
19 35 0
19 36 1
19 37 1
19 38 1
19 39 1
19 40 1
19 41 1
19 42 0
19 43 1
19 44 1
19 45 1
19 46 0
19 47 0
19 48 1
19 49 0
19 50 1
19 51 1
19 52 0
19 53 0
19 54 0
19 55 0
19 56 1
19 57 0
19 58 0
19 59 1
19 60 0
19 61 0
19 62 1
19 63 0
19 64 0
19 65 1
19 66 1
19 67 1
19 68 1
19 69 0
19 70 1
19 71 0
19 72 1
19 73 0
19 74 0
19 75 0
19 76 0
19 77 1
19 78 1
19 79 0
19 80 0
19 81 1
19 82 1
19 83 0
19 84 1
19 85 1
19 86 0
19 87 0
19 88 1
19 89 0
19 90 1
19 91 0
19 92 0
19 93 0
19 94 1
19 95 1
19 96 1
19 97 1
19 98 0
19 99 0
19 100 1
20 1 0
20 2 1
20 3 0
20 4 1
20 5 1
20 6 0
20 7 0
20 8 1
20 9 0
20 10 1
20 11 0
20 12 1
20 13 1
20 14 0
20 15 1
20 16 0
20 17 0
20 18 0
20 19 1
20 20 1
20 21 0
20 22 0
20 23 0
20 24 0
20 25 1
20 26 0
20 27 1
20 28 0
20 29 0
20 30 0
20 31 0
20 32 1
20 33 1
20 34 1
20 35 1
20 36 1
20 37 0
20 38 1
20 39 1
20 40 0
20 41 0
20 42 0
20 43 0
20 44 1
20 45 0
20 46 1
20 47 1
20 48 1
20 49 1
20 50 1
20 51 0
20 52 0
20 53 1
20 54 0
20 55 1
20 56 1
20 57 0
20 58 1
20 59 0
20 60 1
20 61 0
20 62 1
20 63 0
20 64 0
20 65 1
20 66 1
20 67 1
20 68 0
20 69 0
20 70 0
20 71 1
20 72 1
20 73 1
20 74 0
20 75 0
20 76 1
20 77 0
20 78 1
20 79 1
20 80 0
20 81 1
20 82 1
20 83 1
20 84 1
20 85 0
20 86 1
20 87 0
20 88 0
20 89 0
20 90 1
20 91 1
20 92 0
20 93 0
20 94 1
20 95 1
20 96 0
20 97 1
20 98 0
20 99 0
20 100 1
21 1 1
21 2 0
21 3 1
21 4 0
21 5 1
21 6 0
21 7 1
21 8 0
21 9 0
21 10 1
21 11 1
21 12 1
21 13 1
21 14 1
21 15 0
21 16 0
21 17 1
21 18 0
21 19 1
21 20 1
21 21 1
21 22 1
21 23 0
21 24 0
21 25 0
21 26 0
21 27 0
21 28 1
21 29 1
21 30 1
21 31 1
21 32 0
21 33 0
21 34 1
21 35 1
21 36 0
21 37 1
21 38 1
21 39 1
21 40 0
21 41 1
21 42 0
21 43 1
21 44 1
21 45 1
21 46 0
21 47 0
21 48 1
21 49 1
21 50 0
21 51 0
21 52 1
21 53 0
21 54 1
21 55 0
21 56 1
21 57 0
21 58 0
21 59 1
21 60 1
21 61 1
21 62 1
21 63 1
21 64 0
21 65 0
21 66 0
21 67 1
21 68 1
21 69 1
21 70 1
21 71 1
21 72 0
21 73 1
21 74 1
21 75 1
21 76 0
21 77 0
21 78 0
21 79 0
21 80 0
21 81 0
21 82 1
21 83 1
21 84 1
21 85 0
21 86 0
21 87 1
21 88 0
21 89 0
21 90 1
21 91 0
21 92 1
21 93 1
21 94 1
21 95 0
21 96 0
21 97 0
21 98 1
21 99 0
21 100 1
22 1 0
22 2 0
22 3 0
22 4 0
22 5 0
22 6 0
22 7 0
22 8 0
22 9 0
22 10 1
22 11 1
22 12 0
22 13 0
22 14 0
22 15 0
22 16 0
22 17 1
22 18 0
22 19 0
22 20 0
22 21 0
22 22 1
22 23 0
22 24 0
22 25 0
22 26 0
22 27 0
22 28 1
22 29 1
22 30 1
22 31 1
22 32 0
22 33 1
22 34 0
22 35 0
22 36 1
22 37 1
22 38 1
22 39 0
22 40 1
22 41 0
22 42 0
22 43 0
22 44 1
22 45 0
22 46 0
22 47 1
22 48 1
22 49 0
22 50 0
22 51 1
22 52 1
22 53 0
22 54 0
22 55 0
22 56 0
22 57 0
22 58 0
22 59 1
22 60 1
22 61 0
22 62 0
22 63 1
22 64 1
22 65 1
22 66 0
22 67 0
22 68 1
22 69 1
22 70 0
22 71 0
22 72 1
22 73 1
22 74 1
22 75 0
22 76 1
22 77 0
22 78 0
22 79 0
22 80 1
22 81 0
22 82 0
22 83 1
22 84 1
22 85 0
22 86 1
22 87 1
22 88 0
22 89 1
22 90 1
22 91 1
22 92 1
22 93 1
22 94 0
22 95 0
22 96 1
22 97 1
22 98 1
22 99 0
22 100 0
23 1 1
23 2 0
23 3 1
23 4 1
23 5 0
23 6 0
23 7 1
23 8 0
23 9 1
23 10 1
23 11 0
23 12 0
23 13 0
23 14 0
23 15 0
23 16 1
23 17 0
23 18 1
23 19 1
23 20 1
23 21 0
23 22 0
23 23 1
23 24 1
23 25 0
23 26 1
23 27 0
23 28 0
23 29 1
23 30 0
23 31 0
23 32 0
23 33 1
23 34 0
23 35 1
23 36 1
23 37 0
23 38 0
23 39 0
23 40 0
23 41 0
23 42 1
23 43 0
23 44 1
23 45 1
23 46 0
23 47 0
23 48 0
23 49 1
23 50 0
23 51 0
23 52 0
23 53 0
23 54 1
23 55 0
23 56 0
23 57 0
23 58 1
23 59 0
23 60 0
23 61 0
23 62 1
23 63 1
23 64 0
23 65 0
23 66 1
23 67 1
23 68 0
23 69 0
23 70 1
23 71 0
23 72 1
23 73 0
23 74 1
23 75 0
23 76 0
23 77 1
23 78 0
23 79 1
23 80 0
23 81 0
23 82 1
23 83 1
23 84 0
23 85 1
23 86 0
23 87 0
23 88 0
23 89 1
23 90 0
23 91 0
23 92 0
23 93 0
23 94 0
23 95 1
23 96 1
23 97 1
23 98 1
23 99 0
23 100 0
24 1 1
24 2 1
24 3 1
24 4 0
24 5 1
24 6 1
24 7 0
24 8 0
24 9 1
24 10 0
24 11 0
24 12 1
24 13 0
24 14 1
24 15 0
24 16 0
24 17 1
24 18 0
24 19 1
24 20 0
24 21 0
24 22 0
24 23 1
24 24 1
24 25 1
24 26 1
24 27 1
24 28 1
24 29 0
24 30 0
24 31 1
24 32 1
24 33 0
24 34 1
24 35 1
24 36 1
24 37 1
24 38 1
24 39 1
24 40 0
24 41 1
24 42 1
24 43 0
24 44 0
24 45 1
24 46 0
24 47 0
24 48 0
24 49 0
24 50 1
24 51 0
24 52 1
24 53 1
24 54 1
24 55 1
24 56 0
24 57 1
24 58 1
24 59 0
24 60 1
24 61 0
24 62 1
24 63 0
24 64 0
24 65 0
24 66 0
24 67 1
24 68 0
24 69 0
24 70 1
24 71 1
24 72 0
24 73 1
24 74 0
24 75 1
24 76 1
24 77 1
24 78 0
24 79 1
24 80 0
24 81 1
24 82 0
24 83 1
24 84 0
24 85 0
24 86 0
24 87 0
24 88 1
24 89 1
24 90 1
24 91 0
24 92 0
24 93 1
24 94 1
24 95 0
24 96 0
24 97 1
24 98 1
24 99 0
24 100 1
25 1 0
25 2 1
25 3 0
25 4 1
25 5 1
25 6 1
25 7 0
25 8 1
25 9 1
25 10 0
25 11 1
25 12 0
25 13 0
25 14 0
25 15 1
25 16 1
25 17 1
25 18 1
25 19 0
25 20 1
25 21 0
25 22 0
25 23 0
25 24 1
25 25 0
25 26 0
25 27 0
25 28 0
25 29 0
25 30 0
25 31 0
25 32 0
25 33 0
25 34 0
25 35 1
25 36 0
25 37 0
25 38 0
25 39 0
25 40 0
25 41 1
25 42 1
25 43 1
25 44 0
25 45 1
25 46 0
25 47 1
25 48 0
25 49 0
25 50 1
25 51 0
25 52 0
25 53 0
25 54 1
25 55 1
25 56 1
25 57 0
25 58 1
25 59 1
25 60 0
25 61 1
25 62 0
25 63 0
25 64 0
25 65 0
25 66 1
25 67 0
25 68 0
25 69 1
25 70 0
25 71 0
25 72 1
25 73 1
25 74 1
25 75 1
25 76 1
25 77 0
25 78 0
25 79 0
25 80 1
25 81 1
25 82 1
25 83 1
25 84 1
25 85 1
25 86 1
25 87 0
25 88 0
25 89 1
25 90 1
25 91 0
25 92 0
25 93 1
25 94 0
25 95 0
25 96 0
25 97 0
25 98 1
25 99 0
25 100 0
26 1 1
26 2 1
26 3 0
26 4 0
26 5 1
26 6 1
26 7 1
26 8 0
26 9 1
26 10 1
26 11 0
26 12 1
26 13 0
26 14 1
26 15 0
26 16 1
26 17 0
26 18 1
26 19 1
26 20 0
26 21 0
26 22 0
26 23 1
26 24 1
26 25 0
26 26 1
26 27 1
26 28 0
26 29 1
26 30 1
26 31 1
26 32 1
26 33 1
26 34 1
26 35 0
26 36 1
26 37 0
26 38 1
26 39 0
26 40 1
26 41 0
26 42 1
26 43 1
26 44 1
26 45 0
26 46 1
26 47 0
26 48 1
26 49 0
26 50 1
26 51 1
26 52 1
26 53 0
26 54 0
26 55 0
26 56 0
26 57 1
26 58 0
26 59 1
26 60 0
26 61 0
26 62 1
26 63 1
26 64 0
26 65 1
26 66 0
26 67 1
26 68 1
26 69 1
26 70 0
26 71 0
26 72 1
26 73 1
26 74 1
26 75 1
26 76 1
26 77 1
26 78 1
26 79 0
26 80 1
26 81 1
26 82 1
26 83 1
26 84 1
26 85 0
26 86 0
26 87 0
26 88 0
26 89 0
26 90 0
26 91 0
26 92 0
26 93 1
26 94 1
26 95 1
26 96 0
26 97 1
26 98 0
26 99 1
26 100 0
27 1 0
27 2 1
27 3 0
27 4 0
27 5 0
27 6 1
27 7 1
27 8 1
27 9 0
27 10 0
27 11 1
27 12 0
27 13 1
27 14 1
27 15 0
27 16 1
27 17 1
27 18 0
27 19 0
27 20 1
27 21 0
27 22 0
27 23 1
27 24 1
27 25 0
27 26 0
27 27 1
27 28 1
27 29 0
27 30 0
27 31 1
27 32 1
27 33 1
27 34 1
27 35 0
27 36 0
27 37 0
27 38 1
27 39 0
27 40 1
27 41 0
27 42 1
27 43 0
27 44 0
27 45 1
27 46 1
27 47 0
27 48 0
27 49 1
27 50 1
27 51 1
27 52 1
27 53 1
27 54 0
27 55 0
27 56 1
27 57 1
27 58 1
27 59 0
27 60 1
27 61 1
27 62 0
27 63 1
27 64 1
27 65 1
27 66 1
27 67 0
27 68 1
27 69 1
27 70 0
27 71 0
27 72 0
27 73 1
27 74 0
27 75 1
27 76 0
27 77 0
27 78 1
27 79 0
27 80 0
27 81 0
27 82 0
27 83 1
27 84 1
27 85 0
27 86 1
27 87 1
27 88 0
27 89 1
27 90 1
27 91 0
27 92 0
27 93 1
27 94 0
27 95 0
27 96 1
27 97 1
27 98 1
27 99 1
27 100 0
28 1 1
28 2 1
28 3 0
28 4 0
28 5 1
28 6 0
28 7 0
28 8 1
28 9 1
28 10 0
28 11 1
28 12 1
28 13 0
28 14 1
28 15 1
28 16 1
28 17 1
28 18 0
28 19 1
28 20 1
28 21 0
28 22 1
28 23 1
28 24 0
28 25 0
28 26 0
28 27 0
28 28 0
28 29 0
28 30 0
28 31 1
28 32 0
28 33 0
28 34 1
28 35 0
28 36 1
28 37 0
28 38 0
28 39 1
28 40 0
28 41 0
28 42 1
28 43 0
28 44 1
28 45 1
28 46 0
28 47 1
28 48 0
28 49 0
28 50 0
28 51 1
28 52 1
28 53 1
28 54 0
28 55 1
28 56 0
28 57 1
28 58 1
28 59 0
28 60 0
28 61 0
28 62 0
28 63 0
28 64 1
28 65 0
28 66 0
28 67 1
28 68 0
28 69 0
28 70 0
28 71 1
28 72 0
28 73 0
28 74 1
28 75 1
28 76 1
28 77 1
28 78 0
28 79 0
28 80 0
28 81 1
28 82 1
28 83 0
28 84 0
28 85 0
28 86 0
28 87 1
28 88 1
28 89 0
28 90 1
28 91 1
28 92 1
28 93 0
28 94 1
28 95 0
28 96 1
28 97 1
28 98 0
28 99 1
28 100 0
29 1 0
29 2 1
29 3 1
29 4 1
29 5 1
29 6 1
29 7 0
29 8 0
29 9 1
29 10 1
29 11 1
29 12 0
29 13 1
29 14 0
29 15 0
29 16 0
29 17 1
29 18 1
29 19 1
29 20 1
29 21 1
29 22 1
29 23 1
29 24 0
29 25 1
29 26 0
29 27 1
29 28 1
29 29 1
29 30 0
29 31 0
29 32 0
29 33 0
29 34 1
29 35 0
29 36 1
29 37 0
29 38 0
29 39 1
29 40 0
29 41 1
29 42 0
29 43 1
29 44 1
29 45 0
29 46 1
29 47 0
29 48 0
29 49 1
29 50 0
29 51 1
29 52 1
29 53 0
29 54 1
29 55 0
29 56 0
29 57 0
29 58 1
29 59 1
29 60 0
29 61 1
29 62 0
29 63 0
29 64 0
29 65 1
29 66 0
29 67 0
29 68 0
29 69 1
29 70 0
29 71 1
29 72 1
29 73 0
29 74 0
29 75 0
29 76 0
29 77 0
29 78 0
29 79 1
29 80 1
29 81 0
29 82 0
29 83 1
29 84 0
29 85 0
29 86 0
29 87 1
29 88 1
29 89 0
29 90 1
29 91 1
29 92 0
29 93 1
29 94 1
29 95 0
29 96 0
29 97 0
29 98 0
29 99 1
29 100 0
30 1 1
30 2 0
30 3 0
30 4 0
30 5 1
30 6 0
30 7 1
30 8 1
30 9 1
30 10 1
30 11 1
30 12 0
30 13 1
30 14 0
30 15 0
30 16 1
30 17 1
30 18 0
30 19 0
30 20 0
30 21 1
30 22 1
30 23 1
30 24 1
30 25 0
30 26 1
30 27 0
30 28 0
30 29 0
30 30 0
30 31 0
30 32 0
30 33 0
30 34 0
30 35 1
30 36 0
30 37 1
30 38 0
30 39 0
30 40 0
30 41 0
30 42 0
30 43 0
30 44 1
30 45 0
30 46 1
30 47 0
30 48 0
30 49 1
30 50 0
30 51 1
30 52 0
30 53 0
30 54 0
30 55 1
30 56 0
30 57 1
30 58 1
30 59 1
30 60 1
30 61 0
30 62 1
30 63 0
30 64 1
30 65 1
30 66 0
30 67 0
30 68 0
30 69 1
30 70 0
30 71 1
30 72 1
30 73 0
30 74 1
30 75 0
30 76 1
30 77 1
30 78 1
30 79 0
30 80 0
30 81 0
30 82 0
30 83 1
30 84 0
30 85 1
30 86 0
30 87 1
30 88 0
30 89 1
30 90 0
30 91 1
30 92 1
30 93 1
30 94 0
30 95 1
30 96 0
30 97 1
30 98 0
30 99 1
30 100 1
31 1 1
31 2 1
31 3 1
31 4 1
31 5 1
31 6 0
31 7 1
31 8 1
31 9 1
31 10 0
31 11 0
31 12 0
31 13 0
31 14 1
31 15 0
31 16 0
31 17 0
31 18 1
31 19 0
31 20 0
31 21 1
31 22 0
31 23 1
31 24 0
31 25 1
31 26 1
31 27 0
31 28 1
31 29 0
31 30 1
31 31 1
31 32 0
31 33 0
31 34 0
31 35 0
31 36 0
31 37 1
31 38 1
31 39 0
31 40 1
31 41 0
31 42 1
31 43 1
31 44 1
31 45 1
31 46 1
31 47 1
31 48 1
31 49 0
31 50 0
31 51 0
31 52 1
31 53 0
31 54 0
31 55 1
31 56 1
31 57 1
31 58 0
31 59 1
31 60 0
31 61 1
31 62 1
31 63 1
31 64 1
31 65 1
31 66 1
31 67 0
31 68 1
31 69 1
31 70 1
31 71 1
31 72 0
31 73 0
31 74 1
31 75 1
31 76 0
31 77 0
31 78 1
31 79 1
31 80 0
31 81 1
31 82 1
31 83 1
31 84 1
31 85 0
31 86 0
31 87 1
31 88 1
31 89 0
31 90 1
31 91 1
31 92 0
31 93 0
31 94 0
31 95 0
31 96 0
31 97 0
31 98 0
31 99 0
31 100 1
32 1 0
32 2 1
32 3 1
32 4 1
32 5 0
32 6 0
32 7 1
32 8 1
32 9 1
32 10 1
32 11 0
32 12 1
32 13 1
32 14 1
32 15 1
32 16 1
32 17 1
32 18 0
32 19 1
32 20 1
32 21 0
32 22 0
32 23 1
32 24 0
32 25 0
32 26 0
32 27 0
32 28 1
32 29 0
32 30 0
32 31 1
32 32 0
32 33 1
32 34 0
32 35 0
32 36 1
32 37 0
32 38 0
32 39 0
32 40 0
32 41 0
32 42 1
32 43 1
32 44 1
32 45 1
32 46 0
32 47 1
32 48 0
32 49 1
32 50 1
32 51 1
32 52 1
32 53 0
32 54 0
32 55 0
32 56 0
32 57 0
32 58 1
32 59 1
32 60 0
32 61 1
32 62 1
32 63 1
32 64 1
32 65 1
32 66 0
32 67 1
32 68 1
32 69 1
32 70 0
32 71 1
32 72 0
32 73 1
32 74 0
32 75 0
32 76 1
32 77 0
32 78 1
32 79 0
32 80 1
32 81 0
32 82 1
32 83 1
32 84 1
32 85 0
32 86 1
32 87 1
32 88 0
32 89 1
32 90 0
32 91 0
32 92 0
32 93 1
32 94 0
32 95 0
32 96 1
32 97 0
32 98 0
32 99 0
32 100 0
33 1 1
33 2 0
33 3 1
33 4 1
33 5 1
33 6 0
33 7 0
33 8 1
33 9 0
33 10 1
33 11 0
33 12 0
33 13 1
33 14 1
33 15 1
33 16 1
33 17 1
33 18 1
33 19 0
33 20 1
33 21 1
33 22 0
33 23 0
33 24 0
33 25 1
33 26 1
33 27 1
33 28 0
33 29 0
33 30 0
33 31 0
33 32 1
33 33 1
33 34 1
33 35 0
33 36 1
33 37 0
33 38 0
33 39 0
33 40 0
33 41 0
33 42 0
33 43 1
33 44 1
33 45 0
33 46 1
33 47 1
33 48 1
33 49 0
33 50 0
33 51 1
33 52 0
33 53 0
33 54 0
33 55 0
33 56 1
33 57 0
33 58 1
33 59 0
33 60 0
33 61 0
33 62 1
33 63 1
33 64 1
33 65 0
33 66 1
33 67 0
33 68 0
33 69 0
33 70 0
33 71 0
33 72 0
33 73 1
33 74 0
33 75 1
33 76 0
33 77 0
33 78 0
33 79 1
33 80 1
33 81 0
33 82 0
33 83 0
33 84 0
33 85 0
33 86 0
33 87 0
33 88 0
33 89 0
33 90 1
33 91 0
33 92 0
33 93 1
33 94 0
33 95 1
33 96 1
33 97 1
33 98 0
33 99 0
33 100 0
34 1 1
34 2 1
34 3 0
34 4 1
34 5 0
34 6 1
34 7 1
34 8 0
34 9 0
34 10 0
34 11 1
34 12 0
34 13 1
34 14 1
34 15 1
34 16 0
34 17 1
34 18 0
34 19 1
34 20 0
34 21 0
34 22 1
34 23 0
34 24 1
34 25 0
34 26 0
34 27 1
34 28 1
34 29 0
34 30 1
34 31 0
34 32 1
34 33 0
34 34 1
34 35 1
34 36 1
34 37 1
34 38 0
34 39 1
34 40 1
34 41 1
34 42 0
34 43 0
34 44 1
34 45 1
34 46 1
34 47 0
34 48 1
34 49 1
34 50 1
34 51 1
34 52 0
34 53 1
34 54 0
34 55 1
34 56 0
34 57 1
34 58 1
34 59 1
34 60 0
34 61 0
34 62 1
34 63 0
34 64 0
34 65 0
34 66 1
34 67 1
34 68 1
34 69 1
34 70 1
34 71 0
34 72 0
34 73 1
34 74 1
34 75 1
34 76 1
34 77 1
34 78 0
34 79 0
34 80 0
34 81 0
34 82 0
34 83 0
34 84 1
34 85 0
34 86 1
34 87 0
34 88 0
34 89 1
34 90 0
34 91 1
34 92 0
34 93 1
34 94 0
34 95 1
34 96 0
34 97 0
34 98 1
34 99 0
34 100 1
35 1 0
35 2 0
35 3 0
35 4 1
35 5 1
35 6 0
35 7 1
35 8 0
35 9 0
35 10 0
35 11 1
35 12 0
35 13 0
35 14 1
35 15 0
35 16 1
35 17 0
35 18 0
35 19 1
35 20 0
35 21 0
35 22 0
35 23 1
35 24 0
35 25 0
35 26 0
35 27 1
35 28 0
35 29 1
35 30 1
35 31 0
35 32 0
35 33 1
35 34 1
35 35 0
35 36 0
35 37 0
35 38 1
35 39 1
35 40 0
35 41 0
35 42 0
35 43 1
35 44 1
35 45 0
35 46 0
35 47 0
35 48 1
35 49 1
35 50 1
35 51 0
35 52 1
35 53 1
35 54 0
35 55 1
35 56 1
35 57 1
35 58 1
35 59 0
35 60 0
35 61 0
35 62 1
35 63 1
35 64 0
35 65 1
35 66 0
35 67 1
35 68 0
35 69 0
35 70 1
35 71 0
35 72 1
35 73 0
35 74 0
35 75 1
35 76 1
35 77 0
35 78 1
35 79 1
35 80 1
35 81 0
35 82 1
35 83 0
35 84 0
35 85 0
35 86 0
35 87 0
35 88 0
35 89 1
35 90 0
35 91 1
35 92 0
35 93 0
35 94 0
35 95 1
35 96 0
35 97 0
35 98 0
35 99 0
35 100 1
36 1 0
36 2 1
36 3 1
36 4 1
36 5 1
36 6 1
36 7 0
36 8 1
36 9 1
36 10 1
36 11 0
36 12 0
36 13 1
36 14 1
36 15 1
36 16 1
36 17 0
36 18 1
36 19 0
36 20 0
36 21 1
36 22 1
36 23 0
36 24 0
36 25 0
36 26 1
36 27 1
36 28 1
36 29 0
36 30 1
36 31 0
36 32 1
36 33 1
36 34 1
36 35 0
36 36 1
36 37 0
36 38 1
36 39 0
36 40 1
36 41 1
36 42 0
36 43 1
36 44 0
36 45 1
36 46 0
36 47 1
36 48 0
36 49 0
36 50 1
36 51 0
36 52 0
36 53 0
36 54 1
36 55 1
36 56 1
36 57 0
36 58 1
36 59 0
36 60 0
36 61 0
36 62 0
36 63 1
36 64 1
36 65 1
36 66 1
36 67 1
36 68 0
36 69 1
36 70 0
36 71 1
36 72 1
36 73 0
36 74 1
36 75 0
36 76 0
36 77 0
36 78 1
36 79 0
36 80 0
36 81 1
36 82 1
36 83 0
36 84 0
36 85 0
36 86 1
36 87 1
36 88 1
36 89 0
36 90 0
36 91 0
36 92 0
36 93 0
36 94 1
36 95 1
36 96 1
36 97 0
36 98 1
36 99 1
36 100 0
37 1 0
37 2 1
37 3 1
37 4 0
37 5 0
37 6 0
37 7 1
37 8 1
37 9 1
37 10 1
37 11 1
37 12 0
37 13 0
37 14 1
37 15 1
37 16 1
37 17 0
37 18 1
37 19 0
37 20 1
37 21 1
37 22 0
37 23 1
37 24 1
37 25 1
37 26 1
37 27 0
37 28 0
37 29 0
37 30 0
37 31 1
37 32 1
37 33 1
37 34 0
37 35 1
37 36 0
37 37 1
37 38 0
37 39 0
37 40 0
37 41 1
37 42 1
37 43 1
37 44 0
37 45 0
37 46 0
37 47 1
37 48 1
37 49 1
37 50 1
37 51 1
37 52 0
37 53 0
37 54 1
37 55 1
37 56 0
37 57 0
37 58 0
37 59 0
37 60 1
37 61 1
37 62 0
37 63 0
37 64 0
37 65 1
37 66 0
37 67 0
37 68 1
37 69 0
37 70 1
37 71 1
37 72 1
37 73 0
37 74 1
37 75 1
37 76 0
37 77 1
37 78 1
37 79 0
37 80 1
37 81 1
37 82 1
37 83 0
37 84 0
37 85 1
37 86 1
37 87 1
37 88 1
37 89 1
37 90 0
37 91 1
37 92 0
37 93 1
37 94 1
37 95 0
37 96 0
37 97 0
37 98 0
37 99 1
37 100 1
38 1 1
38 2 0
38 3 0
38 4 1
38 5 1
38 6 1
38 7 0
38 8 1
38 9 0
38 10 0
38 11 0
38 12 1
38 13 0
38 14 1
38 15 1
38 16 1
38 17 0
38 18 0
38 19 0
38 20 1
38 21 1
38 22 0
38 23 1
38 24 0
38 25 0
38 26 1
38 27 0
38 28 1
38 29 0
38 30 0
38 31 1
38 32 0
38 33 1
38 34 0
38 35 1
38 36 1
38 37 1
38 38 1
38 39 1
38 40 0
38 41 1
38 42 0
38 43 1
38 44 0
38 45 1
38 46 0
38 47 1
38 48 1
38 49 0
38 50 1
38 51 0
38 52 1
38 53 1
38 54 1
38 55 1
38 56 1
38 57 0
38 58 1
38 59 0
38 60 1
38 61 0
38 62 0
38 63 1
38 64 1
38 65 0
38 66 1
38 67 1
38 68 1
38 69 0
38 70 1
38 71 1
38 72 1
38 73 0
38 74 0
38 75 1
38 76 1
38 77 1
38 78 1
38 79 1
38 80 0
38 81 1
38 82 1
38 83 0
38 84 0
38 85 0
38 86 1
38 87 1
38 88 0
38 89 0
38 90 0
38 91 0
38 92 1
38 93 0
38 94 1
38 95 0
38 96 1
38 97 0
38 98 1
38 99 1
38 100 0
39 1 0
39 2 1
39 3 1
39 4 1
39 5 1
39 6 0
39 7 1
39 8 0
39 9 1
39 10 1
39 11 0
39 12 1
39 13 1
39 14 0
39 15 1
39 16 1
39 17 1
39 18 1
39 19 1
39 20 0
39 21 1
39 22 0
39 23 1
39 24 0
39 25 1
39 26 0
39 27 0
39 28 1
39 29 1
39 30 0
39 31 0
39 32 1
39 33 0
39 34 0
39 35 1
39 36 0
39 37 0
39 38 0
39 39 1
39 40 0
39 41 0
39 42 1
39 43 0
39 44 1
39 45 1
39 46 1
39 47 0
39 48 1
39 49 1
39 50 1
39 51 0
39 52 0
39 53 1
39 54 1
39 55 0
39 56 0
39 57 1
39 58 0
39 59 0
39 60 1
39 61 0
39 62 0
39 63 1
39 64 1
39 65 1
39 66 1
39 67 1
39 68 1
39 69 1
39 70 0
39 71 1
39 72 1
39 73 0
39 74 1
39 75 0
39 76 0
39 77 1
39 78 0
39 79 1
39 80 1
39 81 1
39 82 0
39 83 0
39 84 1
39 85 1
39 86 1
39 87 0
39 88 0
39 89 0
39 90 0
39 91 1
39 92 0
39 93 1
39 94 1
39 95 0
39 96 0
39 97 1
39 98 1
39 99 0
39 100 1
40 1 0
40 2 0
40 3 0
40 4 1
40 5 0
40 6 1
40 7 1
40 8 1
40 9 0
40 10 1
40 11 1
40 12 0
40 13 0
40 14 0
40 15 1
40 16 0
40 17 1
40 18 1
40 19 0
40 20 1
40 21 1
40 22 0
40 23 0
40 24 1
40 25 1
40 26 0
40 27 0
40 28 1
40 29 0
40 30 0
40 31 0
40 32 0
40 33 1
40 34 1
40 35 1
40 36 1
40 37 1
40 38 0
40 39 1
40 40 0
40 41 1
40 42 0
40 43 1
40 44 1
40 45 0
40 46 1
40 47 1
40 48 1
40 49 0
40 50 1
40 51 1
40 52 0
40 53 1
40 54 1
40 55 1
40 56 0
40 57 1
40 58 0
40 59 1
40 60 0
40 61 1
40 62 1
40 63 0
40 64 1
40 65 0
40 66 1
40 67 0
40 68 0
40 69 0
40 70 0
40 71 0
40 72 0
40 73 1
40 74 1
40 75 0
40 76 0
40 77 1
40 78 0
40 79 1
40 80 1
40 81 0
40 82 1
40 83 1
40 84 1
40 85 1
40 86 0
40 87 0
40 88 1
40 89 0
40 90 0
40 91 1
40 92 0
40 93 0
40 94 1
40 95 1
40 96 1
40 97 0
40 98 0
40 99 1
40 100 1
41 1 0
41 2 0
41 3 1
41 4 1
41 5 1
41 6 0
41 7 0
41 8 0
41 9 1
41 10 1
41 11 1
41 12 1
41 13 1
41 14 1
41 15 0
41 16 1
41 17 0
41 18 0
41 19 0
41 20 1
41 21 1
41 22 0
41 23 0
41 24 0
41 25 0
41 26 1
41 27 0
41 28 0
41 29 0
41 30 1
41 31 0
41 32 1
41 33 0
41 34 0
41 35 0
41 36 0
41 37 1
41 38 0
41 39 0
41 40 1
41 41 0
41 42 1
41 43 0
41 44 0
41 45 1
41 46 1
41 47 1
41 48 1
41 49 1
41 50 0
41 51 0
41 52 0
41 53 1
41 54 0
41 55 1
41 56 0
41 57 0
41 58 1
41 59 0
41 60 0
41 61 1
41 62 1
41 63 0
41 64 1
41 65 1
41 66 0
41 67 0
41 68 1
41 69 1
41 70 0
41 71 0
41 72 0
41 73 0
41 74 1
41 75 1
41 76 1
41 77 0
41 78 1
41 79 1
41 80 1
41 81 1
41 82 0
41 83 0
41 84 1
41 85 1
41 86 1
41 87 1
41 88 1
41 89 1
41 90 0
41 91 1
41 92 1
41 93 0
41 94 1
41 95 0
41 96 0
41 97 0
41 98 0
41 99 1
41 100 1
42 1 1
42 2 1
42 3 1
42 4 1
42 5 0
42 6 0
42 7 1
42 8 1
42 9 1
42 10 1
42 11 0
42 12 0
42 13 0
42 14 0
42 15 0
42 16 1
42 17 0
42 18 0
42 19 0
42 20 0
42 21 0
42 22 0
42 23 1
42 24 1
42 25 0
42 26 1
42 27 0
42 28 0
42 29 0
42 30 1
42 31 1
42 32 1
42 33 1
42 34 0
42 35 1
42 36 1
42 37 1
42 38 1
42 39 0
42 40 1
42 41 0
42 42 0
42 43 0
42 44 1
42 45 1
42 46 0
42 47 1
42 48 0
42 49 1
42 50 0
42 51 0
42 52 0
42 53 1
42 54 1
42 55 0
42 56 0
42 57 1
42 58 0
42 59 0
42 60 1
42 61 0
42 62 0
42 63 1
42 64 1
42 65 0
42 66 1
42 67 0
42 68 0
42 69 0
42 70 1
42 71 1
42 72 1
42 73 0
42 74 0
42 75 0
42 76 1
42 77 0
42 78 1
42 79 1
42 80 0
42 81 0
42 82 0
42 83 0
42 84 1
42 85 1
42 86 0
42 87 0
42 88 1
42 89 1
42 90 1
42 91 0
42 92 0
42 93 1
42 94 1
42 95 1
42 96 1
42 97 0
42 98 1
42 99 1
42 100 0
43 1 1
43 2 0
43 3 1
43 4 0
43 5 0
43 6 0
43 7 0
43 8 0
43 9 1
43 10 1
43 11 0
43 12 0
43 13 1
43 14 1
43 15 1
43 16 0
43 17 1
43 18 1
43 19 0
43 20 0
43 21 0
43 22 1
43 23 1
43 24 1
43 25 1
43 26 0
43 27 1
43 28 0
43 29 0
43 30 0
43 31 0
43 32 1
43 33 1
43 34 1
43 35 1
43 36 0
43 37 1
43 38 1
43 39 1
43 40 1
43 41 0
43 42 1
43 43 1
43 44 0
43 45 0
43 46 1
43 47 0
43 48 1
43 49 1
43 50 1
43 51 0
43 52 1
43 53 1
43 54 1
43 55 1
43 56 1
43 57 0
43 58 0
43 59 0
43 60 1
43 61 0
43 62 1
43 63 0
43 64 0
43 65 0
43 66 0
43 67 0
43 68 0
43 69 0
43 70 1
43 71 1
43 72 1
43 73 0
43 74 1
43 75 1
43 76 1
43 77 1
43 78 1
43 79 0
43 80 0
43 81 0
43 82 1
43 83 1
43 84 0
43 85 1
43 86 0
43 87 1
43 88 0
43 89 0
43 90 0
43 91 0
43 92 0
43 93 0
43 94 0
43 95 1
43 96 0
43 97 0
43 98 1
43 99 1
43 100 1
44 1 0
44 2 0
44 3 0
44 4 1
44 5 1
44 6 1
44 7 1
44 8 0
44 9 0
44 10 0
44 11 0
44 12 1
44 13 0
44 14 1
44 15 1
44 16 0
44 17 0
44 18 1
44 19 1
44 20 1
44 21 0
44 22 1
44 23 0
44 24 0
44 25 0
44 26 1
44 27 0
44 28 1
44 29 0
44 30 1
44 31 1
44 32 1
44 33 0
44 34 0
44 35 0
44 36 1
44 37 0
44 38 0
44 39 0
44 40 1
44 41 0
44 42 0
44 43 1
44 44 0
44 45 0
44 46 1
44 47 1
44 48 0
44 49 1
44 50 0
44 51 0
44 52 0
44 53 1
44 54 1
44 55 1
44 56 1
44 57 0
44 58 0
44 59 1
44 60 1
44 61 1
44 62 0
44 63 1
44 64 0
44 65 1
44 66 1
44 67 0
44 68 0
44 69 1
44 70 0
44 71 1
44 72 0
44 73 0
44 74 0
44 75 1
44 76 1
44 77 1
44 78 1
44 79 0
44 80 0
44 81 1
44 82 0
44 83 0
44 84 1
44 85 1
44 86 1
44 87 1
44 88 1
44 89 0
44 90 0
44 91 1
44 92 1
44 93 0
44 94 0
44 95 1
44 96 0
44 97 0
44 98 0
44 99 1
44 100 1
45 1 1
45 2 0
45 3 0
45 4 1
45 5 1
45 6 0
45 7 0
45 8 1
45 9 0
45 10 0
45 11 0
45 12 0
45 13 1
45 14 1
45 15 0
45 16 0
45 17 0
45 18 0
45 19 1
45 20 1
45 21 1
45 22 1
45 23 1
45 24 1
45 25 1
45 26 0
45 27 0
45 28 1
45 29 0
45 30 1
45 31 0
45 32 1
45 33 0
45 34 0
45 35 0
45 36 1
45 37 1
45 38 1
45 39 1
45 40 0
45 41 0
45 42 1
45 43 0
45 44 1
45 45 0
45 46 1
45 47 0
45 48 0
45 49 1
45 50 1
45 51 1
45 52 1
45 53 0
45 54 1
45 55 1
45 56 0
45 57 1
45 58 1
45 59 1
45 60 1
45 61 0
45 62 1
45 63 0
45 64 0
45 65 1
45 66 1
45 67 1
45 68 0
45 69 0
45 70 0
45 71 1
45 72 1
45 73 0
45 74 1
45 75 1
45 76 0
45 77 0
45 78 1
45 79 1
45 80 0
45 81 0
45 82 1
45 83 0
45 84 1
45 85 1
45 86 1
45 87 1
45 88 1
45 89 0
45 90 1
45 91 1
45 92 1
45 93 1
45 94 0
45 95 1
45 96 1
45 97 0
45 98 1
45 99 0
45 100 0
46 1 0
46 2 1
46 3 0
46 4 1
46 5 0
46 6 1
46 7 1
46 8 1
46 9 0
46 10 1
46 11 1
46 12 1
46 13 1
46 14 1
46 15 1
46 16 0
46 17 1
46 18 0
46 19 0
46 20 1
46 21 1
46 22 1
46 23 0
46 24 0
46 25 0
46 26 0
46 27 1
46 28 0
46 29 1
46 30 0
46 31 1
46 32 1
46 33 0
46 34 1
46 35 1
46 36 1
46 37 1
46 38 0
46 39 1
46 40 0
46 41 0
46 42 1
46 43 1
46 44 1
46 45 0
46 46 0
46 47 0
46 48 1
46 49 1
46 50 0
46 51 1
46 52 0
46 53 1
46 54 0
46 55 1
46 56 0
46 57 0
46 58 0
46 59 0
46 60 1
46 61 0
46 62 0
46 63 1
46 64 0
46 65 1
46 66 0
46 67 0
46 68 1
46 69 0
46 70 0
46 71 1
46 72 1
46 73 1
46 74 1
46 75 1
46 76 0
46 77 0
46 78 1
46 79 1
46 80 0
46 81 0
46 82 1
46 83 0
46 84 1
46 85 0
46 86 1
46 87 1
46 88 1
46 89 1
46 90 0
46 91 0
46 92 0
46 93 1
46 94 1
46 95 1
46 96 0
46 97 1
46 98 0
46 99 0
46 100 1
47 1 1
47 2 0
47 3 1
47 4 1
47 5 1
47 6 1
47 7 0
47 8 1
47 9 0
47 10 0
47 11 1
47 12 1
47 13 0
47 14 0
47 15 0
47 16 0
47 17 1
47 18 1
47 19 1
47 20 0
47 21 1
47 22 0
47 23 1
47 24 0
47 25 1
47 26 0
47 27 1
47 28 1
47 29 0
47 30 1
47 31 1
47 32 0
47 33 1
47 34 1
47 35 1
47 36 0
47 37 0
47 38 1
47 39 0
47 40 0
47 41 1
47 42 0
47 43 0
47 44 1
47 45 1
47 46 0
47 47 1
47 48 0
47 49 1
47 50 0
47 51 0
47 52 1
47 53 0
47 54 1
47 55 1
47 56 1
47 57 0
47 58 1
47 59 0
47 60 1
47 61 1
47 62 0
47 63 0
47 64 1
47 65 1
47 66 0
47 67 0
47 68 0
47 69 1
47 70 0
47 71 0
47 72 1
47 73 1
47 74 1
47 75 0
47 76 0
47 77 1
47 78 1
47 79 1
47 80 0
47 81 1
47 82 0
47 83 1
47 84 1
47 85 0
47 86 0
47 87 0
47 88 1
47 89 0
47 90 1
47 91 0
47 92 0
47 93 1
47 94 1
47 95 1
47 96 1
47 97 1
47 98 1
47 99 1
47 100 0
48 1 0
48 2 1
48 3 0
48 4 1
48 5 1
48 6 1
48 7 1
48 8 1
48 9 1
48 10 1
48 11 1
48 12 0
48 13 0
48 14 1
48 15 1
48 16 0
48 17 1
48 18 1
48 19 0
48 20 1
48 21 0
48 22 1
48 23 1
48 24 0
48 25 1
48 26 0
48 27 1
48 28 0
48 29 0
48 30 1
48 31 0
48 32 1
48 33 1
48 34 0
48 35 1
48 36 1
48 37 0
48 38 1
48 39 1
48 40 1
48 41 1
48 42 1
48 43 1
48 44 0
48 45 0
48 46 0
48 47 1
48 48 0
48 49 1
48 50 1
48 51 0
48 52 1
48 53 0
48 54 0
48 55 0
48 56 1
48 57 0
48 58 1
48 59 0
48 60 0
48 61 0
48 62 0
48 63 1
48 64 1
48 65 1
48 66 1
48 67 1
48 68 0
48 69 0
48 70 1
48 71 0
48 72 1
48 73 0
48 74 1
48 75 0
48 76 1
48 77 1
48 78 1
48 79 1
48 80 0
48 81 0
48 82 0
48 83 0
48 84 0
48 85 0
48 86 0
48 87 1
48 88 1
48 89 1
48 90 1
48 91 0
48 92 1
48 93 1
48 94 0
48 95 0
48 96 0
48 97 1
48 98 1
48 99 0
48 100 0
49 1 1
49 2 0
49 3 1
49 4 0
49 5 1
49 6 0
49 7 0
49 8 1
49 9 1
49 10 1
49 11 0
49 12 1
49 13 0
49 14 1
49 15 1
49 16 0
49 17 0
49 18 1
49 19 1
49 20 0
49 21 0
49 22 0
49 23 1
49 24 1
49 25 0
49 26 0
49 27 1
49 28 1
49 29 1
49 30 0
49 31 0
49 32 1
49 33 1
49 34 1
49 35 0
49 36 0
49 37 0
49 38 0
49 39 0
49 40 0
49 41 0
49 42 0
49 43 0
49 44 1
49 45 1
49 46 0
49 47 0
49 48 1
49 49 0
49 50 1
49 51 0
49 52 1
49 53 0
49 54 0
49 55 0
49 56 1
49 57 1
49 58 0
49 59 1
49 60 0
49 61 1
49 62 0
49 63 0
49 64 0
49 65 0
49 66 0
49 67 1
49 68 0
49 69 1
49 70 0
49 71 1
49 72 1
49 73 0
49 74 1
49 75 1
49 76 1
49 77 1
49 78 1
49 79 1
49 80 1
49 81 1
49 82 0
49 83 1
49 84 0
49 85 0
49 86 0
49 87 0
49 88 0
49 89 0
49 90 0
49 91 1
49 92 0
49 93 0
49 94 0
49 95 0
49 96 0
49 97 0
49 98 0
49 99 0
49 100 1
50 1 1
50 2 0
50 3 0
50 4 0
50 5 1
50 6 1
50 7 0
50 8 1
50 9 0
50 10 1
50 11 1
50 12 0
50 13 0
50 14 0
50 15 1
50 16 1
50 17 0
50 18 1
50 19 1
50 20 1
50 21 1
50 22 1
50 23 1
50 24 1
50 25 1
50 26 0
50 27 1
50 28 0
50 29 1
50 30 1
50 31 0
50 32 1
50 33 1
50 34 0
50 35 1
50 36 0
50 37 0
50 38 0
50 39 1
50 40 0
50 41 0
50 42 1
50 43 0
50 44 1
50 45 1
50 46 0
50 47 0
50 48 1
50 49 0
50 50 1
50 51 0
50 52 0
50 53 1
50 54 0
50 55 0
50 56 0
50 57 1
50 58 1
50 59 1
50 60 0
50 61 1
50 62 0
50 63 0
50 64 1
50 65 1
50 66 0
50 67 0
50 68 1
50 69 0
50 70 0
50 71 0
50 72 1
50 73 1
50 74 0
50 75 0
50 76 1
50 77 1
50 78 0
50 79 1
50 80 0
50 81 0
50 82 1
50 83 0
50 84 0
50 85 0
50 86 1
50 87 0
50 88 0
50 89 1
50 90 0
50 91 0
50 92 0
50 93 0
50 94 0
50 95 0
50 96 1
50 97 1
50 98 0
50 99 0
50 100 0
